1 0 1025
2 1025 1081
3 2106 6685
4 8791 2156
5 10947 1927
7 12874 6202
8 19076 3623
9 22699 626
10 23325 1833
11 25158 3077
12 28235 1254
13 29489 2297
14 31786 1109
15 32895 3476
16 36371 4108
17 40479 4324
18 44803 6284
19 51087 3751
20 54838 708
21 55546 4273
22 59819 4077
23 63896 533
24 64429 995
25 65424 1580
26 67004 3651
27 70655 3585
28 74240 4800
29 79040 2694
30 81734 2075
31 83809 3127
32 86936 798
33 87734 7178
34 94912 943
35 95855 3144
36 98999 2381
37 101380 2670
38 104050 3402
39 107452 2546
40 109998 4067
41 114065 2038
42 116103 1858
43 117961 4432
44 122393 1419
45 123812 4421
46 128233 3878
47 132111 5677
48 137788 6661
49 144449 4527
50 148976 1797
51 150773 1266
52 152039 2845
53 154884 6440
54 161324 2535
55 163859 3444
56 167303 2709
57 170012 2273
58 172285 10496
59 182781 760
60 183541 9112
61 192653 6810
62 199463 2201
63 201664 2517
64 204181 2387
65 206568 2366
66 208934 1343
67 210277 1132
68 211409 2942
69 214351 10168
70 224519 1273
71 225792 3965
72 229757 1121
73 230878 453
74 231331 10792
75 242123 1832
76 243955 3360
77 247315 3339
78 250654 3579
79 254233 9689
80 263922 2181
81 266103 1108
82 267211 777
83 267988 1051
84 269039 1829
85 270868 8518
86 279386 3452
87 282838 6342
88 289180 4811
89 293991 5607
90 299598 1703
91 301301 5357
92 306658 1688
93 308346 1707
94 310053 6799
95 316852 2781
96 319633 1493
97 321126 2063
98 323189 2577
99 325766 2574
100 328340 3778
101 332118 1993
102 334111 3113
103 337224 6316
104 343540 980
106 344520 934
107 345454 1144
108 346598 785
109 347383 6309
110 353692 2841
111 356533 5075
112 361608 9066
113 370674 7351
114 378025 1828
115 379853 5487
117 385340 1506
118 386846 638
119 387484 3281
120 390765 9167
121 399932 2876
122 402808 2214
123 405022 5711
124 410733 1297
125 412030 4409
126 416439 689
127 417128 2550
128 419678 1535
129 421213 1132
130 422345 2514
131 424859 4358
132 429217 2923
133 432140 5428
134 437568 5862
135 443430 4461
136 447891 2758
137 450649 2064
138 452713 1066
139 453779 804
140 454583 2635
141 457218 5779
142 462997 944
143 463941 1804
144 465745 1731
146 467476 1203
147 468679 2223
148 470902 2428
149 473330 1390
150 474720 579
151 475299 5000
152 480299 6118
153 486417 11620
154 498037 1214
155 499251 2339
156 501590 1026
157 502616 1261
158 503877 2179
160 506056 5183
161 511239 2437
162 513676 3019
163 516695 20076
164 536771 2845
165 539616 1609
166 541225 2243
167 543468 1760
168 545228 1457
169 546685 7347
170 554032 4599
171 558631 12587
172 571218 2409
173 573627 1819
174 575446 1442
175 576888 3105
176 579993 1375
177 581368 3877
178 585245 1100
180 586345 1333
181 587678 2382
182 590060 1956
184 592016 3462
185 595478 196
186 595674 967
187 596641 7316
188 603957 5206
189 609163 6566
190 615729 4430
191 620159 3695
192 623854 2746
193 626600 30919
194 657519 3958
195 661477 5283
196 666760 2841
197 669601 1961
198 671562 4739
199 676301 1222
200 677523 2558
201 680081 6353
202 686434 3581
203 690015 6858
204 696873 10180
205 707053 2176
206 709229 3673
207 712902 2334
208 715236 3706
209 718942 2945
210 721887 3772
211 725659 1620
212 727279 10137
213 737416 2142
214 739558 4985
215 744543 2418
216 746961 1512
217 748473 7956
218 756429 6793
219 763222 4451
220 767673 9616
221 777289 6411
222 783700 5736
223 789436 2876
224 792312 5681
225 797993 10449
226 808442 4314
227 812756 6164
228 818920 4638
229 823558 2275
230 825833 3430
231 829263 8905
232 838168 1806
233 839974 5741
234 845715 4048
235 849763 4053
236 853816 2611
237 856427 367
238 856794 1856
239 858650 7403
240 866053 4449
241 870502 2429
242 872931 1743
243 874674 3087
244 877761 3526
245 881287 2792
246 884079 5239
247 889318 1176
248 890494 1162
249 891656 3114
250 894770 7621
251 902391 7654
252 910045 1189
253 911234 6036
254 917270 1692
255 918962 2329
256 921291 4838
257 926129 1723
258 927852 3357
259 931209 1927
260 933136 1171
261 934307 2641
262 936948 670
263 937618 2800
264 940418 5210
265 945628 186
266 945814 1656
267 947470 2834
268 950304 4162
269 954466 1251
270 955717 1111
271 956828 1618
272 958446 1182
273 959628 1662
274 961290 824
275 962114 865
276 962979 3827
277 966806 830
278 967636 3114
279 970750 7845
280 978595 2547
281 981142 1506
282 982648 3161
283 985809 1158
284 986967 2699
285 989666 2351
286 992017 1346
287 993363 1029
288 994392 3672
289 998064 3072
290 1001136 1464
291 1002600 8353
292 1010953 1463
293 1012416 2056
294 1014472 956
295 1015428 1666
296 1017094 1625
297 1018719 914
298 1019633 2427
299 1022060 9646
300 1031706 3959
301 1035665 780
302 1036445 1094
303 1037539 2937
304 1040476 4409
305 1044885 9677
306 1054562 2189
307 1056751 3164
308 1059915 2099
309 1062014 2280
310 1064294 27041
311 1091335 1893
312 1093228 1773
313 1095001 5373
314 1100374 5463
315 1105837 2500
316 1108337 3411
317 1111748 4775
318 1116523 3726
319 1120249 3379
320 1123628 15487
321 1139115 4143
322 1143258 3596
323 1146854 10156
324 1157010 1681
325 1158691 1502
326 1160193 5867
327 1166060 10959
328 1177019 5253
329 1182272 3855
330 1186127 2198
331 1188325 1309
332 1189634 667
333 1190301 1533
334 1191834 4652
335 1196486 2738
336 1199224 1954
337 1201178 8794
338 1209972 6274
339 1216246 5194
340 1221440 1975
341 1223415 6477
342 1229892 2971
343 1232863 2941
344 1235804 7513
345 1243317 1699
346 1245016 2119
347 1247135 2594
348 1249729 1701
349 1251430 1603
350 1253033 10920
351 1263953 7617
352 1271570 3383
353 1274953 3040
354 1277993 1902
355 1279895 5577
356 1285472 8188
357 1293660 3210
358 1296870 580
359 1297450 3659
360 1301109 5126
361 1306235 6912
362 1313147 924
363 1314071 2366
364 1316437 4371
365 1320808 3555
366 1324363 2908
367 1327271 5629
368 1332900 5091
369 1337991 7357
370 1345348 1127
371 1346475 3942
372 1350417 1350
373 1351767 7350
374 1359117 3296
375 1362413 4385
376 1366798 4879
377 1371677 2348
378 1374025 6082
379 1380107 2282
380 1382389 1711
381 1384100 15315
383 1399415 5396
384 1404811 1374
385 1406185 5699
386 1411884 1396
387 1413280 6567
388 1419847 4636
389 1424483 4612
390 1429095 9771
391 1438866 1734
392 1440600 3480
393 1444080 15709
394 1459789 9600
395 1469389 3912
396 1473301 7899
397 1481200 13782
398 1494982 3800
399 1498782 14094
400 1512876 5402
401 1518278 5102
402 1523380 9787
403 1533167 1648
404 1534815 737
405 1535552 722
406 1536274 2916
407 1539190 1866
408 1541056 2307
409 1543363 3178
410 1546541 2888
411 1549429 2951
412 1552380 3003
413 1555383 2433
414 1557816 2464
415 1560280 2533
416 1562813 849
417 1563662 1591
418 1565253 5825
419 1571078 2573
420 1573651 1283
421 1574934 2040
422 1576974 1575
423 1578549 2893
424 1581442 5798
425 1587240 1190
426 1588430 2817
427 1591247 1839
428 1593086 1232
429 1594318 1116
430 1595434 1773
431 1597207 5987
432 1603194 1797
433 1604991 3435
434 1608426 1590
435 1610016 608
436 1610624 2699
437 1613323 894
438 1614217 5756
439 1619973 5206
440 1625179 1608
441 1626787 759
442 1627546 788
443 1628334 2480
444 1630814 5795
445 1636609 3734
446 1640343 3710
447 1644053 3668
450 1647721 3845
451 1651566 4049
453 1655615 3791
454 1659406 3815
456 1663221 3752
457 1666973 3791
459 1670764 3805
462 1674569 624
463 1675193 5815
464 1681008 680
465 1681688 2800
466 1684488 2863
467 1687351 1088
468 1688439 1271
469 1689710 7576
470 1697286 1480
471 1698766 2292
472 1701058 2092
473 1703150 1453
474 1704603 979
475 1705582 1698
476 1707280 2618
477 1709898 1905
478 1711803 17036
479 1728839 1542
480 1730381 4843
481 1735224 2104
482 1737328 2815
483 1740143 6275
484 1746418 529
485 1746947 4029
486 1750976 2037
487 1753013 1208
488 1754221 4654
489 1758875 849
490 1759724 2113
491 1761837 1891
492 1763728 4178
493 1767906 4691
494 1772597 9233
495 1781830 4126
496 1785956 2702
497 1788658 840
498 1789498 805
499 1790303 904
500 1791207 1048
501 1792255 2807
502 1795062 2696
503 1797758 1240
504 1798998 1096
505 1800094 851
506 1800945 971
507 1801916 986
508 1802902 2350
509 1805252 1734
510 1806986 1143
511 1808129 893
512 1809022 1124
513 1810146 1348
514 1811494 989
515 1812483 1940
516 1814423 2616
517 1817039 1266
518 1818305 2733
519 1821038 2809
520 1823847 2990
521 1826837 1053
522 1827890 3618
523 1831508 2536
524 1834044 4287
525 1838331 3323
526 1841654 5874
527 1847528 3292
528 1850820 913
529 1851733 2320
530 1854053 4620
531 1858673 2305
532 1860978 787
533 1861765 5798
534 1867563 1227
535 1868790 6008
536 1874798 867
537 1875665 1611
538 1877276 866
539 1878142 3267
540 1881409 6410
541 1887819 819
542 1888638 3413
543 1892051 4030
544 1896081 1240
545 1897321 1074
546 1898395 1795
547 1900190 1528
548 1901718 2490
549 1904208 2489
550 1906697 1741
551 1908438 1372
552 1909810 2903
553 1912713 2430
554 1915143 1561
555 1916704 1854
556 1918558 1074
557 1919632 944
558 1920576 3357
559 1923933 1951
560 1925884 1922
561 1927806 2217
562 1930023 1947
563 1931970 3117
564 1935087 1787
565 1936874 3190
566 1940064 3794
567 1943858 510
568 1944368 1098
569 1945466 803
570 1946269 2561
571 1948830 1050
572 1949880 2273
573 1952153 1855
574 1954008 1417
575 1955425 717
576 1956142 1670
577 1957812 2531
578 1960343 1559
579 1961902 2279
580 1964181 2382
581 1966563 2242
582 1968805 1060
583 1969865 2513
584 1972378 1419
585 1973797 4179
586 1977976 2102
587 1980078 1783
589 1981861 4206
590 1986067 530
591 1986597 823
592 1987420 2557
593 1989977 4232
594 1994209 3551
595 1997760 897
596 1998657 4073
597 2002730 3507
598 2006237 1214
599 2007451 2388
600 2009839 2647
601 2012486 6706
602 2019192 8212
603 2027404 3708
604 2031112 5013
605 2036125 3493
606 2039618 1881
607 2041499 984
608 2042483 1403
609 2043886 1162
610 2045048 2091
611 2047139 1291
612 2048430 1730
613 2050160 1800
614 2051960 2174
615 2054134 1796
616 2055930 7659
617 2063589 18347
618 2081936 3871
619 2085807 4403
620 2090210 3338
621 2093548 3541
622 2097089 10505
623 2107594 4057
624 2111651 1211
625 2112862 886
626 2113748 1498
627 2115246 959
628 2116205 1967
629 2118172 4456
630 2122628 1624
631 2124252 6236
632 2130488 7692
633 2138180 1987
634 2140167 3997
635 2144164 2667
636 2146831 4765
637 2151596 8842
638 2160438 4971
639 2165409 7969
640 2173378 4779
641 2178157 10033
642 2188190 2206
643 2190396 1611
644 2192007 2095
645 2194102 1870
646 2195972 2431
647 2198403 2889
648 2201292 2577
649 2203869 13296
650 2217165 2484
651 2219649 2255
652 2221904 2509
653 2224413 3081
654 2227494 1582
655 2229076 10155
657 2239231 4715
658 2243946 6995
659 2250941 3655
660 2254596 3422
661 2258018 2842
662 2260860 5873
663 2266733 3079
664 2269812 5854
665 2275666 4768
666 2280434 13730
667 2294164 3826
668 2297990 2965
669 2300955 1619
670 2302574 8104
671 2310678 5687
672 2316365 12498
673 2328863 3811
674 2332674 2200
675 2334874 5463
676 2340337 5845
677 2346182 7923
678 2354105 10138
679 2364243 3598
680 2367841 3384
681 2371225 2180
682 2373405 380
683 2373785 3779
684 2377564 2026
685 2379590 1479
686 2381069 7374
687 2388443 1016
688 2389459 940
689 2390399 1673
690 2392072 3274
691 2395346 1821
692 2397167 4057
693 2401224 2166
694 2403390 4023
695 2407413 1393
696 2408806 4916
697 2413722 2598
698 2416320 1749
699 2418069 1972
700 2420041 1481
701 2421522 4990
702 2426512 6535
703 2433047 4712
704 2437759 4230
705 2441989 3598
706 2445587 3045
707 2448632 4096
708 2452728 8640
709 2461368 4031
710 2465399 7527
711 2472926 38563
712 2511489 5435
713 2516924 17867
714 2534791 5286
715 2540077 2764
716 2542841 10536
717 2553377 3778
718 2557155 4723
719 2561878 5403
720 2567281 4821
721 2572102 5241
722 2577343 6721
723 2584064 6480
724 2590544 4674
725 2595218 4145
726 2599363 8948
727 2608311 8400
728 2616711 5478
729 2622189 4267
730 2626456 7439
731 2633895 7900
732 2641795 5643
733 2647438 5353
734 2652791 4460
735 2657251 4955
736 2662206 4313
737 2666519 4365
738 2670884 5341
739 2676225 1252
740 2677477 4004
741 2681481 19867
742 2701348 3704
743 2705052 6328
744 2711380 4673
745 2716053 2809
746 2718862 3476
747 2722338 3909
748 2726247 3463
749 2729710 4272
750 2733982 11911
751 2745893 4239
752 2750132 8214
753 2758346 7858
754 2766204 7998
755 2774202 7305
756 2781507 1624
757 2783131 5247
758 2788378 16444
759 2804822 4603
760 2809425 9444
761 2818869 5304
762 2824173 4192
763 2828365 4781
764 2833146 4026
765 2837172 10504
766 2847676 5550
767 2853226 4108
768 2857334 3158
769 2860492 3741
770 2864233 3916
771 2868149 3308
772 2871457 3413
773 2874870 18426
774 2893296 4803
775 2898099 5359
776 2903458 3394
777 2906852 11470
778 2918322 7872
779 2926194 19534
780 2945728 5450
781 2951178 1225
782 2952403 2122
783 2954525 2866
784 2957391 3661
785 2961052 19349
786 2980401 19772
787 3000173 4347
788 3004520 4293
789 3008813 3517
790 3012330 12560
791 3024890 6780
792 3031670 25782
793 3057452 11223
794 3068675 7090
795 3075765 1546
796 3077311 5943
797 3083254 6347
798 3089601 23586
799 3113187 1562
800 3114749 2805
801 3117554 465
802 3118019 3156
803 3121175 2104
804 3123279 10187
805 3133466 1120
806 3134586 1336
807 3135922 5175
808 3141097 2526
809 3143623 6648
810 3150271 7819
811 3158090 1411
812 3159501 1765
813 3161266 2239
814 3163505 3407
815 3166912 1951
816 3168863 2095
817 3170958 6042
818 3177000 2069
819 3179069 1450
820 3180519 1100
821 3181619 3171
822 3184790 6308
823 3191098 1977
824 3193075 2385
825 3195460 2602
826 3198062 2606
827 3200668 3596
828 3204264 1406
829 3205670 8489
830 3214159 3903
831 3218062 1473
832 3219535 10439
833 3229974 4093
834 3234067 7196
835 3241263 10029
836 3251292 3353
837 3254645 6489
839 3261134 4655
840 3265789 2987
841 3268776 1314
842 3270090 3067
843 3273157 1950
844 3275107 1663
845 3276770 1709
847 3278479 2058
848 3280537 2123
849 3282660 977
850 3283637 1887
851 3285524 3951
852 3289475 2192
853 3291667 5392
854 3297059 1738
855 3298797 1890
856 3300687 2538
857 3303225 2188
858 3305413 2373
859 3307786 2180
860 3309966 1787
861 3311753 2377
862 3314130 6012
863 3320142 4948
864 3325090 1622
865 3326712 13669
866 3340381 5366
867 3345747 970
868 3346717 14499
869 3361216 1848
870 3363064 1599
871 3364663 1089
872 3365752 1511
873 3367263 1758
874 3369021 6072
875 3375093 2982
876 3378075 3072
877 3381147 2380
878 3383527 1948
879 3385475 2844
880 3388319 5397
881 3393716 15386
882 3409102 7233
883 3416335 3349
884 3419684 3228
885 3422912 2534
886 3425446 2954
887 3428400 1336
888 3429736 2291
889 3432027 5267
890 3437294 1605
891 3438899 1290
892 3440189 1698
893 3441887 1984
894 3443871 2058
895 3445929 2597
896 3448526 2022
897 3450548 1489
898 3452037 1483
899 3453520 1388
900 3454908 2484
901 3457392 2673
902 3460065 2741
903 3462806 1913
904 3464719 2432
905 3467151 7158
906 3474309 1550
907 3475859 1141
908 3477000 1141
909 3478141 1133
910 3479274 1141
911 3480415 1141
912 3481556 1141
913 3482697 1141
914 3483838 1141
915 3484979 1141
916 3486120 784
917 3486904 1116
918 3488020 8076
919 3496096 5542
920 3501638 1316
921 3502954 2000
922 3504954 4751
923 3509705 6781
924 3516486 8182
925 3524668 3912
927 3528580 1240
928 3529820 8852
929 3538672 6012
930 3544684 2056
931 3546740 4451
932 3551191 1938
934 3553129 2396
935 3555525 1264
936 3556789 2917
937 3559706 2151
938 3561857 3008
939 3564865 934
940 3565799 3764
941 3569563 2590
942 3572153 1508
943 3573661 3403
944 3577064 1650
945 3578714 6368
946 3585082 2462
947 3587544 2149
948 3589693 5068
949 3594761 8564
950 3603325 5186
951 3608511 1084
952 3609595 1296
953 3610891 1459
954 3612350 2462
955 3614812 2358
956 3617170 1816
957 3618986 3499
958 3622485 2416
959 3624901 3923
960 3628824 3751
961 3632575 433
962 3633008 13383
964 3646391 2458
965 3648849 2080
966 3650929 2428
967 3653357 2652
968 3656009 6379
969 3662388 7994
970 3670382 5226
971 3675608 5944
972 3681552 4556
973 3686108 2492
974 3688600 2480
975 3691080 7411
976 3698491 8508
978 3706999 640
979 3707639 2791
980 3710430 3242
981 3713672 1131
982 3714803 1774
983 3716577 1917
984 3718494 633
985 3719127 474
986 3719601 597
987 3720198 2569
988 3722767 2511
989 3725278 1914
990 3727192 5766
991 3732958 2029
992 3734987 3817
993 3738804 8130
994 3746934 4184
995 3751118 2380
996 3753498 1570
997 3755068 3005
998 3758073 1772
999 3759845 8303
1000 3768148 1693
1001 3769841 1295
1002 3771136 5517
1003 3776653 1240
1004 3777893 1956
1005 3779849 2664
1006 3782513 2420
1007 3784933 1216
1008 3786149 1139
1009 3787288 6820
1010 3794108 3169
1011 3797277 2596
1012 3799873 5244
1013 3805117 1917
1014 3807034 2572
1015 3809606 4777
1016 3814383 4730
1017 3819113 4489
1018 3823602 3090
1019 3826692 7697
1020 3834389 5815
1021 3840204 3531
1022 3843735 3346
1023 3847081 2368
1024 3849449 3497
1025 3852946 2177
1026 3855123 2042
1027 3857165 9191
1028 3866356 5412
1029 3871768 7528
1030 3879296 5444
1031 3884740 4862
1032 3889602 8270
1033 3897872 11955
1034 3909827 6335
1035 3916162 1436
1036 3917598 1861
1037 3919459 979
1038 3920438 5303
1039 3925741 2956
1040 3928697 674
1041 3929371 4194
1042 3933565 819
1043 3934384 3152
1044 3937536 737
1045 3938273 924
1046 3939197 4232
1047 3943429 3674
1048 3947103 1279
1049 3948382 1811
1050 3950193 1152
1051 3951345 1640
1052 3952985 882
1053 3953867 2502
1054 3956369 4388
1055 3960757 4686
1056 3965443 1114
1057 3966557 2246
1058 3968803 960
1059 3969763 1976
1060 3971739 897
1061 3972636 1197
1062 3973833 1487
1063 3975320 558
1064 3975878 3969
1065 3979847 1452
1066 3981299 4815
1067 3986114 2486
1068 3988600 2070
1069 3990670 2492
1070 3993162 2243
1071 3995405 3488
1072 3998893 1676
1073 4000569 1126
1074 4001695 2610
1075 4004305 2029
1076 4006334 1899
1077 4008233 4294
1078 4012527 14600
1079 4027127 2126
1080 4029253 6589
1081 4035842 13732
1082 4049574 9063
1083 4058637 3707
1084 4062344 4608
1085 4066952 3641
1086 4070593 5673
1087 4076266 1692
1089 4077958 3988
1090 4081946 1893
1091 4083839 9765
1092 4093604 6488
1093 4100092 2454
1094 4102546 4530
1095 4107076 7552
1096 4114628 2087
1097 4116715 3706
1098 4120421 4314
1099 4124735 1087
1100 4125822 2215
1101 4128037 8495
1102 4136532 4214
1103 4140746 3215
1104 4143961 12847
1105 4156808 4564
1106 4161372 2361
1107 4163733 2417
1108 4166150 649
1109 4166799 1366
1110 4168165 10072
1111 4178237 21751
1112 4199988 861
1113 4200849 3503
1114 4204352 3824
1115 4208176 1412
1116 4209588 1057
1117 4210645 5749
1118 4216394 1202
1119 4217596 900
1120 4218496 10810
1121 4229306 1345
1122 4230651 17715
1123 4248366 9463
1124 4257829 2833
1125 4260662 3960
1126 4264622 1345
1127 4265967 4588
1128 4270555 5945
1129 4276500 1049
1130 4277549 867
1131 4278416 2291
1132 4280707 8155
1133 4288862 3244
1134 4292106 1831
1135 4293937 519
1136 4294456 1537
1137 4295993 2265
1138 4298258 3797
1139 4302055 5923
1140 4307978 1319
1141 4309297 3157
1142 4312454 1229
1143 4313683 1303
1144 4314986 1093
1145 4316079 5525
1146 4321604 919
1147 4322523 4353
1148 4326876 332
1149 4327208 8864
1150 4336072 3579
1151 4339651 1595
1152 4341246 1327
1153 4342573 6384
1154 4348957 4061
1155 4353018 1239
1156 4354257 2932
1157 4357189 2645
1158 4359834 1768
1159 4361602 4099
1160 4365701 12805
1161 4378506 1463
1162 4379969 4018
1163 4383987 3568
1164 4387555 1353
1165 4388908 1076
1166 4389984 3947
1167 4393931 6861
1169 4400792 1572
1170 4402364 1506
1171 4403870 1441
1172 4405311 2419
1173 4407730 2146
1174 4409876 1735
1175 4411611 1752
1176 4413363 1143
1177 4414506 1624
1178 4416130 793
1179 4416923 7009
1180 4423932 8116
1181 4432048 1465
1182 4433513 1071
1183 4434584 4655
1184 4439239 2410
1185 4441649 1153
1186 4442802 6422
1187 4449224 1758
1188 4450982 7539
1189 4458521 2153
1190 4460674 6376
1191 4467050 3979
1192 4471029 1379
1193 4472408 8319
1194 4480727 6880
1195 4487607 9515
1196 4497122 3628
1197 4500750 2211
1198 4502961 3377
1199 4506338 4714
1200 4511052 1667
1201 4512719 1947
1202 4514666 1553
1203 4516219 2552
1204 4518771 1999
1205 4520770 3744
1206 4524514 934
1207 4525448 1199
1208 4526647 1918
1209 4528565 1430
1210 4529995 3803
1211 4533798 5710
1212 4539508 2232
1213 4541740 2894
1214 4544634 1496
1215 4546130 5742
1216 4551872 2650
1217 4554522 1279
1218 4555801 1257
1219 4557058 1326
1220 4558384 7947
1221 4566331 1704
1222 4568035 2822
1223 4570857 1234
1224 4572091 1422
1225 4573513 5116
1226 4578629 3033
1227 4581662 1288
1228 4582950 2780
1229 4585730 1435
1230 4587165 921
1231 4588086 2767
1232 4590853 1486
1233 4592339 899
1234 4593238 2992
1235 4596230 1214
1236 4597444 8771
1237 4606215 2600
1238 4608815 1616
1239 4610431 2226
1240 4612657 1982
1241 4614639 6245
1242 4620884 2070
1243 4622954 1558
1244 4624512 3139
1245 4627651 4051
1246 4631702 2675
1247 4634377 2874
1248 4637251 1028
1249 4638279 1410
1250 4639689 5497
1251 4645186 1638
1252 4646824 3610
1253 4650434 2072
1254 4652506 5800
1255 4658306 6772
1256 4665078 1212
1257 4666290 1511
1258 4667801 348
1259 4668149 2190
1260 4670339 1733
1261 4672072 2937
1262 4675009 1211
1263 4676220 1951
1264 4678171 913
1265 4679084 1859
1266 4680943 2958
1267 4683901 6877
1268 4690778 2652
1269 4693430 1554
1270 4694984 1759
1271 4696743 1696
1272 4698439 951
1273 4699390 8950
1274 4708340 5601
1275 4713941 5659
1276 4719600 5476
1277 4725076 6733
1278 4731809 2064
1279 4733873 19447
1280 4753320 7671
1281 4760991 1810
1282 4762801 1228
1283 4764029 3026
1284 4767055 1848
1285 4768903 2683
1286 4771586 4165
1287 4775751 1403
1288 4777154 585
1289 4777739 6562
1290 4784301 2406
1291 4786707 1819
1292 4788526 3337
1293 4791863 1879
1294 4793742 13749
1295 4807491 532
1296 4808023 1630
1297 4809653 3021
1298 4812674 2358
1299 4815032 2822
1300 4817854 18364
1301 4836218 755
1302 4836973 3223
1303 4840196 760
1304 4840956 6210
1305 4847166 6352
1306 4853518 5730
1307 4859248 10741
1308 4869989 3786
1309 4873775 1577
1310 4875352 2142
1311 4877494 9577
1312 4887071 4305
1313 4891376 6378
1314 4897754 3041
1315 4900795 6091
1316 4906886 6072
1317 4912958 1686
1318 4914644 6465
1319 4921109 3268
1320 4924377 6703
1321 4931080 9027
1322 4940107 1418
1323 4941525 2903
1324 4944428 1768
1325 4946196 3344
1326 4949540 6010
1327 4955550 6790
1328 4962340 6296
1329 4968636 6418
1330 4975054 9693
1331 4984747 9734
1332 4994481 1174
1333 4995655 707
1334 4996362 1140
1335 4997502 3790
1336 5001292 662
1337 5001954 5520
1338 5007474 1385
1339 5008859 2774
1340 5011633 2311
1341 5013944 5521
1342 5019465 12211
1343 5031676 2590
1344 5034266 26079
1345 5060345 3704
1346 5064049 4029
1347 5068078 12424
1348 5080502 4395
1349 5084897 3885
1350 5088782 14645
1351 5103427 12267
1352 5115694 3669
1353 5119363 1630
1354 5120993 9096
1355 5130089 1797
1356 5131886 706
1357 5132592 3225
1358 5135817 2850
1359 5138667 5813
1360 5144480 9612
1361 5154092 4037
1362 5158129 1128
1363 5159257 1779
1364 5161036 5494
1365 5166530 4591
1366 5171121 4537
1367 5175658 4388
1368 5180046 1852
1369 5181898 4364
1370 5186262 3669
1371 5189931 6158
1372 5196089 4185
1373 5200274 1099
1374 5201373 728
1375 5202101 8838
1376 5210939 3948
1377 5214887 7001
1378 5221888 1506
1379 5223394 2472
1380 5225866 1081
1381 5226947 1019
1382 5227966 1010
1383 5228976 5321
1384 5234297 10993
1385 5245290 741
1386 5246031 660
1387 5246691 4012
1388 5250703 10084
1389 5260787 1303
1390 5262090 3104
1391 5265194 846
1393 5266040 621
1394 5266661 982
1395 5267643 720
1396 5268363 1747
1397 5270110 12293
1398 5282403 4321
1399 5286724 11186
1400 5297910 3605
1401 5301515 176
1402 5301691 176
1403 5301867 197
1404 5302064 188
1405 5302252 161
1406 5302413 202
1407 5302615 201
1408 5302816 201
1409 5303017 200
1410 5303217 203
1411 5303420 194
1412 5303614 176
1413 5303790 159
1414 5303949 164
1415 5304113 186
1416 5304299 183
1417 5304482 205
1418 5304687 180
1419 5304867 161
1420 5305028 167
1421 5305195 182
1422 5305377 176
1423 5305553 196
1424 5305749 197
1425 5305946 201
1426 5306147 197
1427 5306344 161
1428 5306505 189
1429 5306694 203
1430 5306897 183
1431 5307080 201
1432 5307281 176
1433 5307457 195
1434 5307652 200
1435 5307852 197
1436 5308049 204
1437 5308253 180
1438 5308433 207
1439 5308640 199
1440 5308839 202
1441 5309041 203
1442 5309244 197
1443 5309441 195
1444 5309636 190
1445 5309826 182
1446 5310008 167
1447 5310175 202
1448 5310377 194
1449 5310571 170
1450 5310741 155
1451 5310896 9652
1452 5320548 2019
1453 5322567 1853
1454 5324420 2645
1455 5327065 3187
1456 5330252 9538
1457 5339790 3462
1458 5343252 8378
1459 5351630 2137
1460 5353767 1726
1461 5355493 1065
1462 5356558 1478
1463 5358036 1055
1464 5359091 1368
1465 5360459 5360
1466 5365819 4992
1467 5370811 2151
1468 5372962 1738
1469 5374700 4016
1470 5378716 2319
1471 5381035 2256
1472 5383291 7670
1473 5390961 1315
1474 5392276 1474
1475 5393750 4279
1476 5398029 1263
1477 5399292 1231
1478 5400523 1408
1479 5401931 1685
1480 5403616 5183
1481 5408799 2522
1483 5411321 3181
1484 5414502 10930
1486 5425432 9575
1488 5435007 1565
1489 5436572 2112
1490 5438684 7031
1491 5445715 1863
1492 5447578 7361
1493 5454939 3385
1494 5458324 1918
1495 5460242 12886
1497 5473128 4675
1498 5477803 1374
1499 5479177 2472
1500 5481649 2319
1501 5483968 2151
1502 5486119 3604
1503 5489723 1378
1504 5491101 11043
1505 5502144 1167
1506 5503311 669
1507 5503980 4757
1508 5508737 2038
1509 5510775 1292
1510 5512067 899
1511 5512966 7410
1512 5520376 3113
1513 5523489 1892
1514 5525381 2875
1515 5528256 968
1516 5529224 1318
1517 5530542 1353
1518 5531895 525
1519 5532420 3969
1520 5536389 4618
1521 5541007 4955
1522 5545962 3242
1523 5549204 2208
1524 5551412 857
1525 5552269 783
1526 5553052 1242
1527 5554294 5682
1528 5559976 1588
1529 5561564 765
1530 5562329 1682
1531 5564011 12976
1532 5576987 551
1533 5577538 1839
1534 5579377 2469
1535 5581846 2320
1536 5584166 2685
1537 5586851 1647
1538 5588498 619
1539 5589117 2158
1540 5591275 2194
1541 5593469 2198
1542 5595667 2321
1543 5597988 2133
1544 5600121 479
1545 5600600 2426
1546 5603026 1231
1547 5604257 3099
1548 5607356 1557
1549 5608913 704
1550 5609617 1042
1551 5610659 1588
1552 5612247 3076
1553 5615323 1177
1554 5616500 582
1555 5617082 1568
1556 5618650 1639
1557 5620289 1565
1558 5621854 8819
1559 5630673 7782
1560 5638455 4434
1561 5642889 2925
1562 5645814 608
1563 5646422 7690
1564 5654112 4048
1565 5658160 12555
1566 5670715 4929
1567 5675644 2528
1568 5678172 3904
1570 5682076 6314
1571 5688390 2625
1572 5691015 304
1573 5691319 2354
1574 5693673 3861
1575 5697534 2823
1576 5700357 13566
1577 5713923 7937
1578 5721860 1914
1579 5723774 2785
1580 5726559 1936
1581 5728495 1854
1582 5730349 3476
1583 5733825 2221
1584 5736046 3063
1585 5739109 1996
1586 5741105 1834
1587 5742939 2196
1588 5745135 2942
1589 5748077 2862
1590 5750939 1935
1592 5752874 2195
1594 5755069 1995
1595 5757064 2609
1596 5759673 3326
1597 5762999 2173
1598 5765172 1916
1599 5767088 1779
1600 5768867 2091
1601 5770958 4507
1602 5775465 3903
1603 5779368 3805
1604 5783173 3012
1605 5786185 2457
1606 5788642 2572
1607 5791214 2337
1608 5793551 2378
1610 5795929 319
1611 5796248 5870
1614 5802118 9959
1615 5812077 2813
1616 5814890 965
1617 5815855 4429
1618 5820284 7177
1619 5827461 304
1620 5827765 3204
1621 5830969 2677
1622 5833646 2384
1623 5836030 2603
1624 5838633 3574
1625 5842207 4359
1626 5846566 2616
1627 5849182 4997
1628 5854179 2755
1629 5856934 8233
1630 5865167 2758
1631 5867925 6293
1632 5874218 2452
1633 5876670 1225
1634 5877895 17846
1635 5895741 9879
1636 5905620 2966
1637 5908586 3249
1638 5911835 5893
1639 5917728 3488
1640 5921216 1947
1641 5923163 3085
1642 5926248 4500
1643 5930748 4381
1644 5935129 3725
1645 5938854 2997
1646 5941851 24581
1647 5966432 11338
1648 5977770 16330
1649 5994100 30733
1650 6024833 3791
1651 6028624 5663
1652 6034287 2547
1653 6036834 8577
1654 6045411 7400
1655 6052811 2414
1656 6055225 1458
1657 6056683 1638
1658 6058321 2671
1659 6060992 2579
1660 6063571 2250
1661 6065821 3061
1662 6068882 2067
1663 6070949 2985
1664 6073934 6953
1665 6080887 6359
1666 6087246 6891
1667 6094137 6770
1668 6100907 3942
1669 6104849 8123
1670 6112972 7784
1671 6120756 3114
1672 6123870 1797
1673 6125667 2981
1674 6128648 1613
1675 6130261 3023
1676 6133284 3434
1677 6136718 1858
1678 6138576 1525
1679 6140101 4769
1680 6144870 1742
1681 6146612 1516
1682 6148128 2462
1683 6150590 3613
1684 6154203 2061
1685 6156264 1456
1686 6157720 2809
1687 6160529 7815
1688 6168344 3330
1689 6171674 3623
1690 6175297 8872
1691 6184169 3731
1692 6187900 2822
1693 6190722 2199
1694 6192921 3565
1695 6196486 3492
1696 6199978 2068
1697 6202046 1597
1698 6203643 1791
1699 6205434 6357
1700 6211791 3196
1701 6214987 2232
1702 6217219 1857
1703 6219076 3419
1704 6222495 5501
1705 6227996 2002
1706 6229998 4147
1707 6234145 2711
1708 6236856 3754
1709 6240610 1743
1710 6242353 1534
1711 6243887 1543
1712 6245430 1615
1713 6247045 3645
1714 6250690 2730
1715 6253420 3957
1716 6257377 2376
1717 6259753 2390
1718 6262143 2584
1719 6264727 2367
1720 6267094 2529
1721 6269623 23248
1722 6292871 3209
1723 6296080 3611
1724 6299691 6313
1725 6306004 3082
1726 6309086 3290
1727 6312376 3403
1728 6315779 5230
1729 6321009 1605
1730 6322614 2582
1731 6325196 3412
1732 6328608 2443
1733 6331051 1071
1734 6332122 2354
1735 6334476 5074
1736 6339550 4218
1737 6343768 3009
1738 6346777 3768
1739 6350545 2630
1740 6353175 5411
1741 6358586 2518
1742 6361104 3780
1743 6364884 1090
1744 6365974 5305
1745 6371279 1433
1746 6372712 1205
1747 6373917 2035
1748 6375952 7434
1749 6383386 3320
1750 6386706 2528
1751 6389234 3750
1752 6392984 1645
1753 6394629 2695
1754 6397324 2676
1755 6400000 508
1756 6400508 4144
1757 6404652 6066
1758 6410718 1732
1759 6412450 3587
1760 6416037 2449
1762 6418486 5774
1763 6424260 7760
1764 6432020 4933
1765 6436953 901
1766 6437854 1267
1767 6439121 2027
1768 6441148 4059
1769 6445207 3488
1770 6448695 600
1771 6449295 4053
1772 6453348 2904
1773 6456252 2847
1774 6459099 3499
1775 6462598 5606
1776 6468204 4641
1777 6472845 5088
1778 6477933 2701
1779 6480634 9162
1780 6489796 9400
1781 6499196 5542
1782 6504738 2017
1783 6506755 7349
1784 6514104 1988
1785 6516092 3482
1786 6519574 3728
1787 6523302 2602
1788 6525904 8360
1789 6534264 1302
1790 6535566 1878
1791 6537444 3082
1792 6540526 4554
1793 6545080 2019
1794 6547099 1195
1795 6548294 1215
1796 6549509 5283
1797 6554792 2777
1798 6557569 4010
1799 6561579 1132
1800 6562711 2018
1801 6564729 2140
1802 6566869 1333
1803 6568202 2888
1804 6571090 1580
1806 6572670 5292
1807 6577962 733
1808 6578695 528
1809 6579223 857
1810 6580080 668
1811 6580748 529
1812 6581277 567
1813 6581844 1337
1814 6583181 3520
1815 6586701 3735
1816 6590436 508
1817 6590944 2081
1818 6593025 1334
1819 6594359 3392
1820 6597751 6246
1821 6603997 3264
1822 6607261 5320
1823 6612581 3006
1824 6615587 3807
1825 6619394 3286
1826 6622680 3035
1828 6625715 1931
1829 6627646 3194
1830 6630840 3773
1831 6634613 207
1832 6634820 1938
1833 6636758 2168
1835 6638926 3796
1838 6642722 10071
1839 6652793 2047
1840 6654840 3820
1841 6658660 3444
1842 6662104 4214
1843 6666318 1513
1844 6667831 1454
1845 6669285 2349
1846 6671634 1946
1847 6673580 3098
1848 6676678 2757
1849 6679435 1915
1850 6681350 2384
1851 6683734 1473
1852 6685207 3258
1853 6688465 1197
1854 6689662 1773
1855 6691435 4550
1856 6695985 1076
1857 6697061 4217
1858 6701278 1820
1859 6703098 2142
1860 6705240 206
1861 6705446 4952
1862 6710398 2626
1863 6713024 2596
1864 6715620 356
1865 6715976 1522
1866 6717498 1495
1867 6718993 2184
1868 6721177 1488
1869 6722665 1076
1870 6723741 2662
1871 6726403 1010
1872 6727413 324
1873 6727737 4572
1874 6732309 1279
1875 6733588 888
1876 6734476 3913
1877 6738389 1335
1878 6739724 3123
1879 6742847 2618
1880 6745465 531
1881 6745996 1284
1882 6747280 1233
1883 6748513 2493
1884 6751006 1192
1885 6752198 8144
1886 6760342 585
1887 6760927 1330
1888 6762257 7410
1889 6769667 3863
1892 6773530 7004
1893 6780534 4917
1894 6785451 1655
1895 6787106 1589
1896 6788695 2032
1897 6790727 1337
1898 6792064 501
1899 6792565 1350
1900 6793915 2292
1901 6796207 4487
1902 6800694 1533
1903 6802227 11553
1904 6813780 2048
1905 6815828 811
1906 6816639 913
1907 6817552 1054
1908 6818606 1819
1909 6820425 710
1910 6821135 11566
1911 6832701 1777
1912 6834478 2959
1913 6837437 3740
1914 6841177 944
1915 6842121 2204
1916 6844325 1223
1917 6845548 4757
1918 6850305 305
1919 6850610 7050
1920 6857660 1037
1921 6858697 1776
1922 6860473 2561
1923 6863034 1479
1924 6864513 1240
1925 6865753 6674
1926 6872427 3534
1927 6875961 1001
1928 6876962 3529
1929 6880491 1647
1930 6882138 2990
1931 6885128 1314
1932 6886442 503
1933 6886945 770
1934 6887715 4831
1935 6892546 1228
1936 6893774 6441
1937 6900215 2686
1938 6902901 438
1939 6903339 4237
1940 6907576 515
1941 6908091 1481
1942 6909572 2120
1943 6911692 2790
1944 6914482 3170
1945 6917652 1370
1946 6919022 1528
1947 6920550 1130
1948 6921680 1445
1949 6923125 2344
1950 6925469 585
1951 6926054 4317
1952 6930371 5461
1953 6935832 3017
1954 6938849 2749
1955 6941598 3742
1956 6945340 2124
1957 6947464 4008
1958 6951472 13139
1959 6964611 2515
1960 6967126 1919
1961 6969045 3623
1962 6972668 3866
1963 6976534 3876
1964 6980410 1897
1965 6982307 5439
1966 6987746 6877
1967 6994623 2509
1968 6997132 4583
1969 7001715 6977
1970 7008692 1504
1971 7010196 2485
1972 7012681 2674
1973 7015355 815
1974 7016170 5362
1975 7021532 270
1976 7021802 839
1977 7022641 3578
1978 7026219 5927
1979 7032146 1239
1980 7033385 1386
1981 7034771 3688
1982 7038459 4584
1983 7043043 2388
1984 7045431 2204
1986 7047635 4062
1987 7051697 930
1988 7052627 2939
1989 7055566 1141
1990 7056707 1785
1991 7058492 2004
1992 7060496 3128
1993 7063624 7145
1994 7070769 8614
1995 7079383 3968
1996 7083351 3999
1997 7087350 4629
1998 7091979 3905
2001 7095884 4218
2002 7100102 2710
2003 7102812 1718
2005 7104530 4042
2006 7108572 3878
2007 7112450 2892
2008 7115342 1292
2009 7116634 3168
2010 7119802 7693
2011 7127495 19076
2012 7146571 2199
2013 7148770 3787
2014 7152557 1649
2015 7154206 4255
2016 7158461 5123
2017 7163584 8856
2018 7172440 3146
2021 7175586 187
2023 7175773 8713
2024 7184486 5770
2025 7190256 2169
2026 7192425 4977
2027 7197402 1216
2028 7198618 3866
2029 7202484 6367
2030 7208851 1667
2031 7210518 3442
2032 7213960 2808
2033 7216768 6295
2035 7223063 1809
2036 7224872 6757
2037 7231629 3676
2038 7235305 10437
2039 7245742 6983
2040 7252725 4565
2041 7257290 3527
2042 7260817 6455
2043 7267272 9641
2044 7276913 1595
2045 7278508 2780
2046 7281288 2403
2047 7283691 4562
2048 7288253 8716
2049 7296969 1588
2050 7298557 4818
2051 7303375 198
2052 7303573 160
2053 7303733 188
2054 7303921 160
2055 7304081 605
2056 7304686 639
2057 7305325 612
2058 7305937 657
2059 7306594 639
2060 7307233 615
2061 7307848 173
2062 7308021 585
2063 7308606 608
2064 7309214 671
2065 7309885 214
2066 7310099 160
2067 7310259 642
2068 7310901 154
2069 7311055 652
2070 7311707 622
2071 7312329 617
2072 7312946 620
2073 7313566 620
2074 7314186 620
2075 7314806 617
2076 7315423 611
2077 7316034 622
2078 7316656 626
2079 7317282 175
2080 7317457 638
2081 7318095 621
2082 7318716 608
2083 7319324 163
2084 7319487 614
2085 7320101 203
2086 7320304 667
2087 7320971 204
2088 7321175 610
2089 7321785 353
2090 7322138 175
2091 7322313 655
2092 7322968 640
2093 7323608 556
2094 7324164 623
2095 7324787 666
2096 7325453 619
2097 7326072 651
2098 7326723 636
2099 7327359 624
2100 7327983 644
2101 7328627 637
2102 7329264 647
2103 7329911 641
2104 7330552 200
2105 7330752 620
2106 7331372 618
2107 7331990 605
2108 7332595 639
2109 7333234 612
2110 7333846 660
2111 7334506 617
2112 7335123 613
2113 7335736 204
2114 7335940 538
2115 7336478 608
2116 7337086 194
2117 7337280 638
2118 7337918 623
2119 7338541 608
2120 7339149 209
2121 7339358 609
2122 7339967 162
2123 7340129 656
2124 7340785 608
2125 7341393 162
2126 7341555 180
2127 7341735 173
2128 7341908 200
2129 7342108 614
2130 7342722 642
2131 7343364 612
2132 7343976 655
2133 7344631 651
2134 7345282 618
2135 7345900 205
2136 7346105 538
2137 7346643 608
2138 7347251 191
2139 7347442 277
2140 7347719 294
2141 7348013 174
2142 7348187 638
2143 7348825 621
2144 7349446 200
2145 7349646 271
2146 7349917 293
2147 7350210 649
2148 7350859 162
2149 7351021 251
2150 7351272 608
2151 7351880 182
2152 7352062 616
2153 7352678 225
2154 7352903 643
2155 7353546 665
2156 7354211 617
2157 7354828 623
2158 7355451 618
2159 7356069 622
2160 7356691 171
2161 7356862 538
2162 7357400 642
2163 7358042 202
2164 7358244 184
2165 7358428 641
2166 7359069 620
2167 7359689 642
2168 7360331 194
2169 7360525 638
2170 7361163 176
2171 7361339 616
2172 7361955 180
2173 7362135 613
2174 7362748 642
2175 7363390 629
2176 7364019 662
2177 7364681 642
2178 7365323 652
2179 7365975 629
2180 7366604 656
2181 7367260 644
2182 7367904 642
2183 7368546 644
2184 7369190 638
2185 7369828 618
2186 7370446 188
2187 7370634 615
2188 7371249 604
2189 7371853 608
2190 7372461 611
2191 7373072 619
2192 7373691 627
2193 7374318 619
2194 7374937 642
2195 7375579 175
2196 7375754 584
2197 7376338 640
2198 7376978 182
2199 7377160 625
2200 7377785 607
2201 7378392 621
2202 7379013 642
2203 7379655 619
2204 7380274 621
2205 7380895 618
2206 7381513 204
2207 7381717 618
2208 7382335 649
2209 7382984 160
2210 7383144 627
2211 7383771 642
2212 7384413 650
2213 7385063 650
2214 7385713 161
2215 7385874 608
2216 7386482 199
2217 7386681 173
2218 7386854 179
2219 7387033 173
2220 7387206 601
2221 7387807 612
2222 7388419 619
2223 7389038 627
2224 7389665 620
2225 7390285 623
2226 7390908 174
2227 7391082 584
2228 7391666 642
2229 7392308 161
2230 7392469 611
2231 7393080 176
2232 7393256 622
2233 7393878 608
2234 7394486 642
2235 7395128 204
2236 7395332 615
2237 7395947 172
2238 7396119 625
2239 7396744 642
2240 7397386 199
2241 7397585 173
2242 7397758 154
2243 7397912 173
2244 7398085 602
2245 7398687 612
2246 7399299 620
2247 7399919 629
2248 7400548 621
2249 7401169 618
2250 7401787 174
2251 7401961 586
2252 7402547 640
2253 7403187 197
2254 7403384 624
2255 7404008 606
2256 7404614 642
2257 7405256 266
2258 7405522 616
2259 7406138 161
2260 7406299 625
2261 7406924 201
2262 7407125 690
2263 7407815 154
2264 7407969 627
2265 7408596 641
2266 7409237 176
2267 7409413 194
2268 7409607 176
2269 7409783 188
2270 7409971 176
2271 7410147 170
2272 7410317 176
2273 7410493 173
2274 7410666 188
2275 7410854 182
2276 7411036 603
2277 7411639 173
2278 7411812 583
2279 7412395 203
2280 7412598 619
2281 7413217 619
2282 7413836 605
2283 7414441 613
2284 7415054 620
2285 7415674 627
2286 7416301 620
2287 7416921 616
2288 7417537 171
2289 7417708 623
2290 7418331 608
2291 7418939 641
2292 7419580 641
2293 7420221 203
2294 7420424 613
2295 7421037 613
2296 7421650 181
2298 7421831 155
2299 7421986 629
2300 7422615 641
2301 7423256 182
2302 7423438 154
2304 7423592 198
2305 7423790 603
2306 7424393 616
2307 7425009 620
2308 7425629 629
2309 7426258 620
2310 7426878 617
2311 7427495 167
2312 7427662 583
2313 7428245 641
2314 7428886 187
2315 7429073 623
2316 7429696 604
2317 7430300 641
2318 7430941 213
2319 7431154 612
2320 7431766 194
2321 7431960 621
2322 7432581 161
2323 7432742 629
2324 7433371 641
2325 7434012 159
2326 7434171 611
2327 7434782 180
2328 7434962 166
2329 7435128 148
2330 7435276 198
2331 7435474 603
2332 7436077 614
2333 7436691 620
2334 7437311 631
2335 7437942 621
2336 7438563 618
2337 7439181 641
2338 7439822 173
2339 7439995 583
2340 7440578 675
2341 7441253 213
2342 7441466 193
2343 7441659 622
2344 7442281 608
2345 7442889 184
2346 7443073 175
2347 7443248 641
2348 7443889 171
2349 7444060 664
2350 7444724 201
2351 7444925 656
2352 7445581 221
2353 7445802 613
2354 7446415 175
2355 7446590 195
2356 7446785 629
2357 7447414 640
2358 7448054 657
2359 7448711 632
2360 7449343 649
2361 7449992 644
2362 7450636 648
2363 7451284 636
2364 7451920 651
2365 7452571 645
2366 7453216 649
2367 7453865 647
2368 7454512 623
2370 7455135 619
2371 7455754 616
2372 7456370 605
2373 7456975 614
2374 7457589 615
2375 7458204 630
2376 7458834 620
2377 7459454 649
2378 7460103 161
2379 7460264 583
2380 7460847 178
2381 7461025 609
2382 7461634 641
2383 7462275 176
2384 7462451 630
2385 7463081 181
2386 7463262 623
2387 7463885 607
2388 7464492 644
2389 7465136 641
2390 7465777 203
2391 7465980 610
2392 7466590 161
2393 7466751 629
2394 7467380 641
2395 7468021 222
2396 7468243 148
2397 7468391 212
2398 7468603 148
2399 7468751 601
2400 7469352 613
2401 7469965 620
2402 7470585 633
2403 7471218 622
2404 7471840 624
2405 7472464 173
2406 7472637 585
2407 7473222 641
2408 7473863 179
2409 7474042 187
2410 7474229 622
2411 7474851 606
2412 7475457 641
2413 7476098 240
2414 7476338 163
2415 7476501 166
2416 7476667 191
2417 7476858 609
2418 7477467 161
2419 7477628 628
2420 7478256 641
2421 7478897 208
2422 7479105 215
2423 7479320 599
2424 7479919 167
2425 7480086 584
2426 7480670 148
2427 7480818 175
2428 7480993 155
2429 7481148 185
2430 7481333 623
2431 7481956 622
2432 7482578 621
2433 7483199 198
2434 7483397 603
2435 7484000 615
2436 7484615 620
2437 7485235 630
2438 7485865 620
2439 7486485 649
2440 7487134 642
2441 7487776 175
2442 7487951 623
2443 7488574 606
2444 7489180 642
2445 7489822 232
2446 7490054 672
2447 7490726 596
2448 7491322 184
2449 7491506 621
2450 7492127 225
2451 7492352 659
2452 7493011 203
2453 7493214 615
2454 7493829 161
2455 7493990 630
2456 7494620 170
2457 7494790 642
2458 7495432 172
2459 7495604 646
2460 7496250 643
2461 7496893 675
2462 7497568 655
2463 7498223 632
2464 7498855 634
2465 7499489 634
2466 7500123 646
2467 7500769 645
2468 7501414 674
2469 7502088 610
2470 7502698 200
2471 7502898 616
2472 7503514 620
2473 7504134 602
2474 7504736 614
2475 7505350 620
2476 7505970 630
2477 7506600 618
2478 7507218 674
2479 7507892 174
2480 7508066 585
2482 7508651 175
2483 7508826 624
2484 7509450 605
2486 7510055 224
2487 7510279 223
2488 7510502 618
2489 7511120 180
2490 7511300 626
2491 7511926 642
2492 7512568 638
2493 7513206 197
2494 7513403 200
2495 7513603 212
2496 7513815 206
2497 7514021 200
2498 7514221 601
2499 7514822 615
2500 7515437 615
2501 7516052 627
2502 7516679 624
2503 7517303 636
2504 7517939 180
2505 7518119 584
2506 7518703 642
2507 7519345 632
2508 7519977 190
2509 7520167 622
2510 7520789 604
2511 7521393 642
2512 7522035 190
2513 7522225 173
2514 7522398 251
2515 7522649 626
2516 7523275 195
2517 7523470 643
2518 7524113 642
2519 7524755 186
2520 7524941 585
2521 7525526 213
2522 7525739 644
2524 7526383 169
2525 7526552 627
2526 7527179 604
2527 7527783 642
2528 7528425 183
2529 7528608 622
2530 7529230 220
2531 7529450 607
2532 7530057 174
2533 7530231 609
2534 7530840 642
2535 7531482 178
2536 7531660 184
2537 7531844 172
2538 7532016 217
2539 7532233 620
2540 7532853 679
2541 7533532 624
2542 7534156 640
2543 7534796 654
2544 7535450 640
2545 7536090 623
2546 7536713 642
2547 7537355 646
2548 7538001 631
2549 7538632 644
2550 7539276 641
2551 7539917 2134
2552 7542051 996
2553 7543047 5433
2554 7548480 1965
2555 7550445 1495
2556 7551940 1850
2557 7553790 1164
2558 7554954 1171
2559 7556125 6952
2560 7563077 3750
2561 7566827 1016
2562 7567843 2466
2563 7570309 2225
2564 7572534 3216
2565 7575750 2581
2566 7578331 30036
2567 7608367 1090
2568 7609457 1740
2569 7611197 5103
2570 7616300 1244
2571 7617544 1644
2572 7619188 1725
2573 7620913 2404
2574 7623317 1672
2575 7624989 1576
2576 7626565 2633
2577 7629198 3216
2578 7632414 4658
2579 7637072 1778
2580 7638850 949
2581 7639799 1488
2582 7641287 2048
2583 7643335 1522
2584 7644857 1794
2585 7646651 1282
2586 7647933 1901
2587 7649834 1617
2588 7651451 854
2589 7652305 2712
2590 7655017 1869
2591 7656886 6149
2592 7663035 2723
2593 7665758 1398
2594 7667156 1200
2595 7668356 2682
2596 7671038 1451
2597 7672489 2311
2598 7674800 1462
2599 7676262 1334
2600 7677596 2186
2601 7679782 1515
2602 7681297 1710
2603 7683007 5214
2604 7688221 2582
2605 7690803 5604
2606 7696407 1670
2607 7698077 1292
2608 7699369 2965
2609 7702334 1597
2610 7703931 2785
2611 7706716 1289
2612 7708005 856
2613 7708861 1603
2614 7710464 3991
2615 7714455 3232
2616 7717687 2981
2617 7720668 3353
2618 7724021 2708
2619 7726729 1403
2620 7728132 1366
2621 7729498 880
2622 7730378 2161
2623 7732539 1623
2624 7734162 1086
2625 7735248 3320
2626 7738568 3197
2627 7741765 3774
2628 7745539 1750
2629 7747289 4868
2630 7752157 3860
2632 7756017 1781
2633 7757798 965
2634 7758763 1266
2635 7760029 981
2636 7761010 1158
2637 7762168 5082
2638 7767250 2277
2639 7769527 1851
2640 7771378 1125
2641 7772503 1288
2642 7773791 1234
2643 7775025 4179
2644 7779204 1502
2645 7780706 2685
2646 7783391 2137
2647 7785528 1095
2648 7786623 1830
2649 7788453 4995
2650 7793448 2334
2651 7795782 1966
2652 7797748 3131
2653 7800879 2448
2654 7803327 7784
2655 7811111 2661
2656 7813772 2012
2657 7815784 6215
2658 7821999 4243
2659 7826242 4363
2660 7830605 3832
2661 7834437 6885
2662 7841322 3602
2663 7844924 3282
2664 7848206 4622
2665 7852828 5264
2666 7858092 4441
2667 7862533 3417
2668 7865950 4119
2669 7870069 1137
2670 7871206 7945
2671 7879151 4569
2672 7883720 4387
2673 7888107 4372
2674 7892479 4084
2675 7896563 5562
2676 7902125 7796
2677 7909921 2344
2678 7912265 2125
2679 7914390 2948
2680 7917338 2942
2681 7920280 4612
2682 7924892 5427
2683 7930319 3166
2684 7933485 4086
2685 7937571 5458
2686 7943029 4680
2687 7947709 5116
2688 7952825 2488
2689 7955313 2726
2690 7958039 2966
2691 7961005 8260
2692 7969265 1226
2693 7970491 768
2694 7971259 201
2695 7971460 4146
2696 7975606 3342
2697 7978948 1542
2698 7980490 9947
2699 7990437 3066
2700 7993503 8753
2701 8002256 3961
2702 8006217 5243
2703 8011460 4930
2704 8016390 8582
2705 8024972 4795
2706 8029767 3918
2707 8033685 519
2708 8034204 4684
2709 8038888 4392
2710 8043280 3812
2711 8047092 5823
2712 8052915 7215
2713 8060130 6467
2714 8066597 2571
2715 8069168 3358
2716 8072526 965
2717 8073491 22909
2718 8096400 18579
2719 8114979 2581
2720 8117560 8475
2721 8126035 1644
2722 8127679 2392
2723 8130071 7134
2724 8137205 3337
2725 8140542 11012
2726 8151554 2873
2727 8154427 3509
2728 8157936 3220
2729 8161156 4834
2730 8165990 7263
2731 8173253 6901
2732 8180154 6190
2733 8186344 1072
2734 8187416 2783
2735 8190199 3444
2736 8193643 1044
2737 8194687 2435
2738 8197122 1551
2739 8198673 6342
2740 8205015 13623
2741 8218638 2095
2742 8220733 12951
2743 8233684 6468
2744 8240152 2876
2745 8243028 5030
2746 8248058 1961
2747 8250019 9043
2748 8259062 6562
2749 8265624 2478
2750 8268102 6444
2751 8274546 2690
2752 8277236 722
2753 8277958 5947
2754 8283905 3323
2755 8287228 8940
2756 8296168 4012
2757 8300180 2038
2758 8302218 3419
2759 8305637 7585
2760 8313222 2629
2761 8315851 2726
2762 8318577 9657
2763 8328234 19334
2764 8347568 3105
2765 8350673 2742
2766 8353415 5365
2767 8358780 2250
2768 8361030 4256
2769 8365286 6585
2770 8371871 959
2771 8372830 4878
2772 8377708 8277
2773 8385985 5344
2774 8391329 6675
2775 8398004 919
2776 8398923 3784
2777 8402707 2948
2778 8405655 3583
2779 8409238 2539
2780 8411777 3699
2781 8415476 4685
2782 8420161 9629
2783 8429790 9636
2784 8439426 11528
2785 8450954 2152
2786 8453106 4795
2787 8457901 3017
2788 8460918 1647
2789 8462565 5785
2790 8468350 2030
2791 8470380 1922
2792 8472302 8391
2793 8480693 8794
2794 8489487 2757
2795 8492244 4492
2796 8496736 3147
2797 8499883 1943
2798 8501826 10648
2799 8512474 6281
2800 8518755 4882
2801 8523637 5305
2802 8528942 1319
2803 8530261 1855
2804 8532116 3604
2805 8535720 195
2806 8535915 3703
2807 8539618 2532
2808 8542150 7687
2809 8549837 7004
2810 8556841 6487
2811 8563328 8801
2812 8572129 3152
2813 8575281 2812
2814 8578093 1845
2815 8579938 7062
2816 8587000 3413
2817 8590413 2652
2818 8593065 1164
2819 8594229 11638
2820 8605867 10842
2821 8616709 9903
2822 8626612 6938
2823 8633550 8938
2824 8642488 2294
2825 8644782 521
2826 8645303 2776
2827 8648079 624
2828 8648703 6374
2829 8655077 4301
2830 8659378 2323
2831 8661701 9194
2832 8670895 6522
2833 8677417 1563
2834 8678980 7415
2835 8686395 2734
2836 8689129 7685
2837 8696814 4476
2838 8701290 2941
2839 8704231 6311
2840 8710542 9255
2841 8719797 2975
2842 8722772 4387
2843 8727159 3899
2844 8731058 1717
2845 8732775 6519
2846 8739294 5476
2847 8744770 5235
2848 8750005 8031
2849 8758036 1839
2850 8759875 2821
2851 8762696 413
2852 8763109 423
2853 8763532 439
2854 8763971 483
2855 8764454 453
2856 8764907 461
2857 8765368 485
2858 8765853 521
2859 8766374 469
2860 8766843 499
2861 8767342 475
2862 8767817 467
2863 8768284 483
2864 8768767 451
2865 8769218 519
2866 8769737 3333
2867 8773070 3684
2868 8776754 6350
2869 8783104 1481
2870 8784585 2678
2871 8787263 2087
2872 8789350 3102
2873 8792452 1596
2874 8794048 8508
2875 8802556 3497
2876 8806053 3384
2877 8809437 1359
2878 8810796 7909
2879 8818705 8193
2880 8826898 8630
2881 8835528 5679
2883 8841207 7075
2885 8848282 1788
2886 8850070 6417
2887 8856487 9029
2888 8865516 3857
2890 8869373 2720
2891 8872093 2390
2892 8874483 3854
2893 8878337 4802
2894 8883139 4255
2896 8887394 7045
2898 8894439 8481
2899 8902920 2789
2902 8905709 8128
2903 8913837 8329
2904 8922166 5400
2905 8927566 2405
2906 8929971 7590
2907 8937561 6634
2909 8944195 2891
2910 8947086 1051
2911 8948137 3045
2912 8951182 10592
2913 8961774 7555
2914 8969329 7608
2915 8976937 1032
2916 8977969 2960
2917 8980929 1785
2918 8982714 8019
2919 8990733 6933
2920 8997666 4053
2921 9001719 1023
2922 9002742 9571
2923 9012313 9622
2924 9021935 2697
2925 9024632 3785
2926 9028417 5682
2927 9034099 14774
2928 9048873 3036
2929 9051909 4447
2930 9056356 7883
2931 9064239 6490
2932 9070729 2498
2933 9073227 3857
2934 9077084 3792
2935 9080876 1850
2936 9082726 3377
2937 9086103 5069
2938 9091172 2231
2939 9093403 1097
2940 9094500 1354
2941 9095854 3986
2942 9099840 981
2943 9100821 3477
2944 9104298 3291
2945 9107589 3666
2946 9111255 3267
2947 9114522 2455
2948 9116977 977
2949 9117954 1252
2950 9119206 8057
2951 9127263 7003
2952 9134266 4474
2953 9138740 7288
2954 9146028 986
2955 9147014 3320
2956 9150334 9061
2957 9159395 2138
2958 9161533 6286
2959 9167819 6277
2960 9174096 1133
2961 9175229 821
2962 9176050 6791
2963 9182841 3572
2964 9186413 2671
2965 9189084 1014
2966 9190098 5127
2967 9195225 7820
2969 9203045 11003
2970 9214048 1828
2971 9215876 7263
2972 9223139 3684
2974 9226823 474
2975 9227297 5209
2976 9232506 2490
2977 9234996 3077
2978 9238073 3875
2979 9241948 745
2980 9242693 867
2981 9243560 5668
2982 9249228 1480
2983 9250708 2134
2984 9252842 2614
2985 9255456 3662
2986 9259118 3266
2987 9262384 2082
2988 9264466 4822
2989 9269288 10138
2990 9279426 583
2991 9280009 3160
2992 9283169 3449
2994 9286618 3759
2996 9290377 9852
2998 9300229 1627
2999 9301856 3119
3001 9304975 3664
3002 9308639 1978
3003 9310617 4390
3004 9315007 1360
3005 9316367 9449
3006 9325816 4572
3007 9330388 2577
3008 9332965 3571
3009 9336536 1799
3010 9338335 1479
3011 9339814 1501
3012 9341315 4712
3013 9346027 2887
3014 9348914 8555
3015 9357469 7771
3016 9365240 5302
3017 9370542 3037
3018 9373579 7120
3019 9380699 1190
3020 9381889 2797
3021 9384686 2584
3022 9387270 1944
3023 9389214 2313
3024 9391527 520
3025 9392047 5877
3026 9397924 513
3027 9398437 2069
3028 9400506 6621
3029 9407127 5876
3030 9413003 2514
3031 9415517 3068
3032 9418585 8935
3033 9427520 3610
3034 9431130 3887
3035 9435017 3034
3036 9438051 8950
3037 9447001 4034
3038 9451035 3387
3039 9454422 3632
3040 9458054 1461
3041 9459515 4476
3042 9463991 1016
3043 9465007 1770
3044 9466777 5590
3045 9472367 2089
3046 9474456 1790
3047 9476246 15848
3048 9492094 5927
3049 9498021 2248
3050 9500269 2612
3051 9502881 5397
3052 9508278 3916
3053 9512194 13765
3054 9525959 3820
3055 9529779 1843
3056 9531622 3633
3057 9535255 6588
3058 9541843 2955
3059 9544798 559
3060 9545357 4684
3061 9550041 4550
3062 9554591 2704
3063 9557295 4737
3064 9562032 2152
3065 9564184 734
3066 9564918 3227
3067 9568145 3730
3068 9571875 4243
3070 9576118 14600
3074 9590718 2616
3075 9593334 2719
3076 9596053 3565
3077 9599618 3463
3081 9603081 4167
3082 9607248 3669
3085 9610917 3788
3086 9614705 4366
3087 9619071 3063
3088 9622134 1683
3089 9623817 4298
3091 9628115 3172
3092 9631287 3991
3093 9635278 4153
3094 9639431 3537
3095 9642968 3637
3096 9646605 3799
3097 9650404 3998
3098 9654402 3465
3099 9657867 4304
3101 9662171 3757
3103 9665928 3497
3108 9669425 3472
3109 9672897 2839
3110 9675736 3084
3111 9678820 3126
3112 9681946 4055
3113 9686001 3261
3116 9689262 3401
3118 9692663 3447
3119 9696110 3509
3121 9699619 4667
3122 9704286 1504
3123 9705790 3407
3125 9709197 4140
3127 9713337 1220
3128 9714557 3447
3131 9718004 5059
3132 9723063 3165
3133 9726228 3283
3134 9729511 3632
3135 9733143 3724
3136 9736867 3474
3137 9740341 2730
3138 9743071 3232
3139 9746303 3640
3140 9749943 3189
3141 9753132 3544
3142 9756676 18933
3143 9775609 4510
3144 9780119 3775
3145 9783894 3615
3146 9787509 1588
3147 9789097 4323
3148 9793420 1232
3149 9794652 926
3150 9795578 2954
3151 9798532 4065
3152 9802597 3543
3153 9806140 2842
3154 9808982 3522
3155 9812504 2606
3156 9815110 1103
3157 9816213 4216
3158 9820429 19808
3159 9840237 3821
3160 9844058 4816
3161 9848874 3323
3162 9852197 4809
3163 9857006 3309
3164 9860315 3269
3165 9863584 3641
3166 9867225 3132
3167 9870357 5165
3168 9875522 5556
3169 9881078 4690
3170 9885768 5527
3171 9891295 1869
3172 9893164 3873
3173 9897037 6071
3174 9903108 2454
3175 9905562 4426
3176 9909988 963
3177 9910951 780
3178 9911731 4164
3179 9915895 2661
3180 9918556 2950
3181 9921506 1244
3182 9922750 1937
3183 9924687 2310
3184 9926997 2728
3185 9929725 2296
3186 9932021 1283
3187 9933304 4691
3188 9937995 4572
3189 9942567 3569
3190 9946136 3122
3191 9949258 4096
3192 9953354 4495
3193 9957849 2765
3194 9960614 3813
3195 9964427 2300
3196 9966727 1731
3197 9968458 2289
3198 9970747 20490
3199 9991237 3302
3200 9994539 4074
3201 9998613 1909
3202 10000522 8724
3203 10009246 2668
3204 10011914 5307
3205 10017221 5339
3206 10022560 3679
3207 10026239 4160
3208 10030399 5922
3209 10036321 3019
3210 10039340 5452
3211 10044792 1728
3212 10046520 2611
3213 10049131 5022
3214 10054153 4779
3215 10058932 3302
3216 10062234 5410
3217 10067644 5481
3218 10073125 4268
3219 10077393 2528
3220 10079921 4402
3221 10084323 7390
3222 10091713 175
3223 10091888 4721
3224 10096609 160
3225 10096769 892
3226 10097661 783
3227 10098444 2224
3228 10100668 1769
3229 10102437 927
3230 10103364 1829
3231 10105193 12127
3232 10117320 4425
3234 10121745 6878
3235 10128623 9971
3236 10138594 1106
3238 10139700 3370
3239 10143070 1392
3240 10144462 3506
3242 10147968 4656
3243 10152624 5531
3246 10158155 771
3247 10158926 2569
3251 10161495 5246
3252 10166741 1304
3253 10168045 9363
3254 10177408 3278
3255 10180686 584
3256 10181270 1537
3257 10182807 3309
3258 10186116 1871
3259 10187987 3266
3260 10191253 5102
3261 10196355 2121
3262 10198476 5821
3263 10204297 2291
3264 10206588 4206
3265 10210794 4907
3266 10215701 1611
3267 10217312 208
3268 10217520 2808
3269 10220328 935
3270 10221263 1112
3271 10222375 15565
3272 10237940 6420
3273 10244360 13951
3274 10258311 724
3275 10259035 2757
3276 10261792 2039
3277 10263831 2596
3278 10266427 2772
3279 10269199 1765
3280 10270964 20051
3281 10291015 9026
3282 10300041 3559
3283 10303600 3541
3284 10307141 3382
3286 10310523 3349
3287 10313872 417
3288 10314289 2534
3289 10316823 2896
3291 10319719 1794
3292 10321513 4095
3294 10325608 2956
3295 10328564 916
3296 10329480 675
3298 10330155 3833
3299 10333988 217
3300 10334205 28623
3301 10362828 4201
3302 10367029 7388
3303 10374417 9318
3304 10383735 30299
3305 10414034 19670
3306 10433704 937
3307 10434641 603
3308 10435244 2311
3309 10437555 1601
3310 10439156 4952
3311 10444108 3302
3312 10447410 4035
3313 10451445 2487
3314 10453932 4578
3315 10458510 1131
3316 10459641 1990
3317 10461631 656
3318 10462287 408
3319 10462695 9906
3320 10472601 2287
3323 10474888 3529
3324 10478417 918
3325 10479335 2572
3326 10481907 3110
3327 10485017 317
3328 10485334 7201
3329 10492535 19018
3330 10511553 5689
3331 10517242 1289
3332 10518531 2166
3333 10520697 2334
3334 10523031 2595
3336 10525626 1231
3337 10526857 8986
3338 10535843 3634
3340 10539477 2345
3341 10541822 22082
3342 10563904 839
3343 10564743 382
3344 10565125 1138
3345 10566263 3831
3346 10570094 1122
3347 10571216 3525
3348 10574741 3237
3349 10577978 1564
3350 10579542 1333
3351 10580875 2003
3352 10582878 2144
3354 10585022 1300
3355 10586322 3882
3356 10590204 539
3357 10590743 6457
3358 10597200 2561
3359 10599761 3659
3360 10603420 807
3361 10604227 1258
3362 10605485 2404
3363 10607889 676
3364 10608565 775
3365 10609340 5004
3366 10614344 3754
3367 10618098 2422
3368 10620520 2047
3369 10622567 2517
3370 10625084 3443
3371 10628527 2469
3372 10630996 2524
3373 10633520 20273
3374 10653793 8404
3375 10662197 4377
3376 10666574 4481
3377 10671055 4150
3378 10675205 1540
3379 10676745 4492
3380 10681237 1370
3381 10682607 1188
3382 10683795 1486
3383 10685281 7434
3384 10692715 2186
3385 10694901 18033
3386 10712934 8886
3387 10721820 5683
3388 10727503 4031
3389 10731534 3568
3390 10735102 2060
3391 10737162 16380
3392 10753542 4467
3393 10758009 1160
3394 10759169 1934
3395 10761103 1360
3396 10762463 8183
3397 10770646 5179
3398 10775825 6851
3399 10782676 1936
3400 10784612 8212
3401 10792824 7569
3402 10800393 8513
3403 10808906 4985
3404 10813891 6752
3405 10820643 15099
3406 10835742 7549
3407 10843291 5089
3408 10848380 1377
3409 10849757 1578
3410 10851335 2160
3411 10853495 1354
3412 10854849 825
3413 10855674 6379
3414 10862053 2140
3415 10864193 8305
3416 10872498 4231
3417 10876729 1884
3418 10878613 5245
3419 10883858 5477
3420 10889335 9124
3421 10898459 4700
3422 10903159 9533
3423 10912692 3780
3424 10916472 1081
3425 10917553 1433
3426 10918986 1366
3427 10920352 9087
3428 10929439 304
3429 10929743 1736
3430 10931479 776
3431 10932255 1463
3432 10933718 12561
3433 10946279 8041
3434 10954320 4086
3435 10958406 5008
3436 10963414 4471
3437 10967885 8948
3438 10976833 2225
3439 10979058 5372
3440 10984430 2933
3441 10987363 3118
3442 10990481 1689
3443 10992170 8099
3444 11000269 3697
3445 11003966 14179
3446 11018145 3290
3447 11021435 3884
3448 11025319 4320
3449 11029639 11600
3450 11041239 937
3451 11042176 8011
3452 11050187 6273
3453 11056460 789
3454 11057249 5689
3455 11062938 15707
3456 11078645 923
3457 11079568 6072
3458 11085640 684
3459 11086324 5268
3460 11091592 8069
3461 11099661 1448
3462 11101109 4370
3463 11105479 708
3464 11106187 8920
3465 11115107 1367
3466 11116474 8071
3467 11124545 11535
3468 11136080 2033
3469 11138113 3593
3470 11141706 5155
3471 11146861 5320
3472 11152181 5148
3473 11157329 6326
3474 11163655 1019
3475 11164674 7184
3476 11171858 2929
3477 11174787 9521
3478 11184308 4205
3479 11188513 6410
3480 11194923 2871
3481 11197794 1580
3482 11199374 2907
3483 11202281 3387
3484 11205668 1758
3485 11207426 5540
3486 11212966 9058
3487 11222024 173
3488 11222197 2279
3489 11224476 8406
3490 11232882 6784
3491 11239666 6446
3492 11246112 3675
3493 11249787 3368
3494 11253155 2874
3495 11256029 3400
3496 11259429 456
3497 11259885 2154
3498 11262039 3912
3499 11265951 3601
3500 11269552 2896
3501 11272448 3565
3502 11276013 2682
3503 11278695 6547
3504 11285242 9408
3505 11294650 8425
3506 11303075 10512
3507 11313587 9679
3508 11323266 10261
3509 11333527 7943
3510 11341470 5459
3511 11346929 6229
3512 11353158 7478
3513 11360636 3536
3514 11364172 3975
3515 11368147 2356
3516 11370503 1543
3517 11372046 1648
3518 11373694 3137
3519 11376831 3499
3520 11380330 7585
3521 11387915 6327
3522 11394242 5922
3523 11400164 3558
3524 11403722 4579
3525 11408301 3469
3526 11411770 11589
3527 11423359 5137
3528 11428496 6626
3529 11435122 4791
3530 11439913 1056
3531 11440969 4152
3532 11445121 3643
3533 11448764 3428
3534 11452192 4297
3535 11456489 4890
3536 11461379 4543
3537 11465922 7971
3538 11473893 2231
3539 11476124 5523
3540 11481647 4363
3541 11486010 6517
3542 11492527 4775
3543 11497302 2153
3544 11499455 2129
3545 11501584 1479
3546 11503063 3299
3547 11506362 4581
3548 11510943 4120
3549 11515063 6221
3550 11521284 8563
3551 11529847 1839
3552 11531686 5766
3553 11537452 7260
3554 11544712 1271
3555 11545983 3406
3556 11549389 4093
3557 11553482 1612
3558 11555094 7280
3559 11562374 2740
3560 11565114 10125
3561 11575239 4278
3562 11579517 5790
3563 11585307 800
3564 11586107 3742
3565 11589849 1961
3569 11591810 1096
3570 11592906 1317
3572 11594223 2502
3575 11596725 6206
3576 11602931 9204
3577 11612135 11697
3578 11623832 2073
3579 11625905 6502
3580 11632407 5817
3583 11638224 189
3584 11638413 225
3585 11638638 250
3586 11638888 177
3587 11639065 211
3588 11639276 189
3589 11639465 234
3590 11639699 5978
3591 11645677 1223
3593 11646900 9982
3594 11656882 5504
3595 11662386 3037
3596 11665423 1990
3598 11667413 2317
3599 11669730 1820
3600 11671550 1414
3601 11672964 1494
3602 11674458 1559
3603 11676017 1633
3604 11677650 3455
3605 11681105 2545
3606 11683650 15273
3611 11698923 6150
3612 11705073 2550
3614 11707623 2755
3615 11710378 9361
3616 11719739 1378
3617 11721117 175
3618 11721292 1926
3619 11723218 4971
3620 11728189 1396
3621 11729585 1692
3622 11731277 1830
3623 11733107 2870
3624 11735977 8163
3625 11744140 7514
3626 11751654 3485
3627 11755139 9745
3628 11764884 1639
3629 11766523 946
3631 11767469 4127
3632 11771596 3756
3633 11775352 1019
3634 11776371 15087
3636 11791458 6504
3637 11797962 3481
3638 11801443 3492
3639 11804935 1210
3641 11806145 756
3642 11806901 493
3643 11807394 7785
3644 11815179 2853
3646 11818032 2729
3647 11820761 1207
3650 11821968 234
3651 11822202 189
3652 11822391 244
3653 11822635 11857
3654 11834492 5351
3655 11839843 5894
3656 11845737 1760
3657 11847497 1044
3658 11848541 22665
3659 11871206 1501
3660 11872707 6615
3661 11879322 6408
3663 11885730 1624
3666 11887354 7395
3667 11894749 1288
3668 11896037 1066
3669 11897103 9068
3670 11906171 11257
3671 11917428 9242
3672 11926670 15997
3673 11942667 8744
3674 11951411 8436
3675 11959847 7371
3676 11967218 11282
3677 11978500 19495
3678 11997995 13545
3679 12011540 5473
3680 12017013 481
3681 12017494 821
3682 12018315 3185
3683 12021500 7331
3684 12028831 528
3685 12029359 1526
3686 12030885 3448
3687 12034333 2092
3688 12036425 9158
3689 12045583 8012
3690 12053595 8555
3691 12062150 4680
3692 12066830 2678
3693 12069508 4072
3695 12073580 7141
3696 12080721 3396
3697 12084117 2823
3698 12086940 668
3699 12087608 1041
3700 12088649 1629
3701 12090278 6667
3702 12096945 1337
3703 12098282 11440
3704 12109722 6337
3705 12116059 4428
3706 12120487 25795
3707 12146282 3739
3708 12150021 5132
3709 12155153 8395
3710 12163548 9762
3711 12173310 4622
3713 12177932 9588
3714 12187520 12836
3715 12200356 4681
3716 12205037 10949
3717 12215986 6263
3718 12222249 5100
3719 12227349 1746
3720 12229095 3805
3721 12232900 4756
3722 12237656 3699
3723 12241355 10707
3724 12252062 9905
3725 12261967 6839
3726 12268806 6100
3728 12274906 5796
3729 12280702 4089
3730 12284791 3898
3731 12288689 3494
3732 12292183 3833
3733 12296016 3323
3734 12299339 12267
3735 12311606 12834
3736 12324440 4220
3737 12328660 2852
3738 12331512 5563
3739 12337075 15909
3740 12352984 4284
3741 12357268 708
3742 12357976 1193
3743 12359169 4401
3744 12363570 4375
3745 12367945 2080
3746 12370025 13029
3747 12383054 6698
3748 12389752 8825
3749 12398577 7738
3750 12406315 10689
3751 12417004 205
3752 12417209 6996
3753 12424205 8939
3754 12433144 2333
3755 12435477 8155
3756 12443632 8287
3757 12451919 3888
3758 12455807 5748
3760 12461555 2538
3761 12464093 13735
3762 12477828 4678
3763 12482506 520
3764 12483026 1524
3765 12484550 3079
3766 12487629 659
3767 12488288 650
3768 12488938 673
3769 12489611 654
3770 12490265 693
3771 12490958 671
3772 12491629 682
3773 12492311 628
3774 12492939 623
3775 12493562 646
3776 12494208 631
3777 12494839 709
3778 12495548 677
3779 12496225 655
3780 12496880 623
3781 12497503 666
3782 12498169 619
3783 12498788 651
3784 12499439 636
3785 12500075 624
3786 12500699 644
3787 12501343 637
3788 12501980 647
3789 12502627 641
3790 12503268 659
3791 12503927 693
3792 12504620 643
3793 12505263 676
3794 12505939 656
3795 12506595 652
3796 12507247 671
3797 12507918 653
3798 12508571 659
3799 12509230 691
3800 12509921 646
3801 12510567 679
3802 12511246 688
3804 12511934 689
3805 12512623 650
3806 12513273 666
3807 12513939 698
3808 12514637 678
3809 12515315 654
3810 12515969 629
3811 12516598 662
3812 12517260 642
3813 12517902 652
3815 12518554 656
3816 12519210 644
3817 12519854 642
3818 12520496 644
3819 12521140 638
3820 12521778 650
3821 12522428 692
3822 12523120 648
3823 12523768 678
3824 12524446 658
3825 12525104 623
3826 12525727 661
3827 12526388 654
3828 12527042 674
3829 12527716 656
3830 12528372 693
3831 12529065 628
3832 12529693 647
3833 12530340 679
3834 12531019 654
3835 12531673 661
3836 12532334 653
3837 12532987 656
3838 12533643 674
3839 12534317 693
3840 12535010 647
3841 12535657 677
3842 12536334 642
3843 12536976 705
3844 12537681 659
3845 12538340 634
3846 12538974 663
3847 12539637 646
3848 12540283 657
3849 12540940 645
3850 12541585 632
3851 12542217 645
3852 12542862 640
3853 12543502 657
3854 12544159 641
3855 12544800 695
3856 12545495 668
3857 12546163 649
3858 12546812 678
3859 12547490 646
3860 12548136 649
3861 12548785 654
3862 12549439 654
3863 12550093 652
3864 12550745 674
3865 12551419 655
3866 12552074 692
3867 12552766 648
3868 12553414 679
3869 12554093 687
3870 12554780 654
3871 12555434 630
3872 12556064 656
3873 12556720 654
3874 12557374 673
3875 12558047 661
3876 12558708 693
3877 12559401 648
3878 12560049 652
3879 12560701 646
3880 12561347 703
3882 12562050 645
3883 12562695 657
3884 12563352 657
3885 12564009 632
3886 12564641 649
3887 12565290 644
3889 12565934 636
3891 12566570 645
3892 12567215 649
3893 12567864 647
3894 12568511 664
3895 12569175 693
3896 12569868 618
3897 12570486 676
3899 12571162 678
3900 12571840 654
3901 12572494 689
3902 12573183 675
3903 12573858 658
3904 12574516 653
3905 12575169 690
3906 12575859 648
3907 12576507 704
3908 12577211 628
3909 12577839 637
3910 12578476 676
3911 12579152 657
3912 12579809 656
3913 12580465 664
3914 12581129 693
3915 12581822 655
3916 12582477 673
3917 12583150 685
3918 12583835 652
3919 12584487 662
3920 12585149 649
3921 12585798 700
3922 12586498 704
3923 12587202 652
3925 12587854 649
3926 12588503 638
3927 12589141 642
3928 12589783 646
3929 12590429 643
3930 12591072 675
3932 12591747 632
3933 12592379 634
3934 12593013 634
3935 12593647 646
3937 12594293 674
3938 12594967 664
3939 12595631 685
3940 12596316 647
3941 12596963 688
3942 12597651 677
3943 12598328 651
3944 12598979 676
3945 12599655 668
3946 12600323 680
3947 12601003 664
3948 12601667 663
3949 12602330 688
3950 12603018 644
3951 12603662 190
3953 12603852 677
3954 12604529 660
3955 12605189 688
3956 12605877 696
3957 12606573 649
3958 12607222 654
3959 12607876 677
3960 12608553 641
3961 12609194 647
3962 12609841 642
3963 12610483 641
3964 12611124 683
3965 12611807 640
3966 12612447 654
3967 12613101 640
3968 12613741 623
3969 12614364 642
3970 12615006 646
3971 12615652 631
3973 12616283 641
3974 12616924 659
3975 12617583 639
3976 12618222 648
3977 12618870 684
3978 12619554 689
3979 12620243 704
3980 12620947 678
3981 12621625 644
3982 12622269 654
3983 12622923 675
3984 12623598 638
3985 12624236 677
3986 12624913 634
3987 12625547 650
3988 12626197 662
3989 12626859 647
3990 12627506 660
3991 12628166 684
3992 12628850 644
3993 12629494 637
3994 12630131 677
3995 12630808 647
3996 12631455 662
3997 12632117 639
3998 12632756 684
3999 12633440 648
4000 12634088 665
4001 12634753 650
4002 12635403 660
4003 12636063 698
4004 12636761 693
4005 12637454 704
4006 12638158 646
4007 12638804 718
4008 12639522 675
4009 12640197 644
4010 12640841 649
4011 12641490 638
4012 12642128 669
4013 12642797 628
4014 12643425 634
4015 12644059 657
4016 12644716 637
4017 12645353 655
4018 12646008 642
4019 12646650 669
4020 12647319 633
4021 12647952 683
4022 12648635 667
4023 12649302 646
4024 12649948 676
4025 12650624 642
4026 12651266 648
4027 12651914 683
4028 12652597 670
4029 12653267 648
4030 12653915 649
4031 12654564 661
4032 12655225 645
4033 12655870 676
4034 12656546 680
4035 12657226 642
4036 12657868 634
4037 12658502 686
4038 12659188 653
4039 12659841 646
4040 12660487 671
4041 12661158 661
4042 12661819 639
4043 12662458 677
4044 12663135 716
4045 12663851 676
4046 12664527 648
4047 12665175 695
4048 12665870 694
4049 12666564 687
4050 12667251 703
4051 12667954 706
4052 12668660 680
4053 12669340 675
4054 12670015 676
4055 12670691 693
4056 12671384 678
4057 12672062 663
4058 12672725 686
4059 12673411 628
4060 12674039 639
4061 12674678 676
4062 12675354 649
4063 12676003 686
4064 12676689 649
4065 12677338 671
4066 12678009 650
4067 12678659 658
4068 12679317 637
4069 12679954 678
4070 12680632 663
4071 12681295 623
4072 12681918 687
4073 12682605 653
4074 12683258 652
4075 12683910 676
4076 12684586 658
4077 12685244 689
4078 12685933 640
4079 12686573 725
4080 12687298 724
4081 12688022 715
4082 12688737 676
4083 12689413 660
4084 12690073 627
4085 12690700 636
4086 12691336 640
4087 12691976 647
4088 12692623 621
4089 12693244 667
4090 12693911 615
4091 12694526 625
4092 12695151 649
4093 12695800 628
4094 12696428 664
4095 12697092 688
4096 12697780 639
4097 12698419 676
4098 12699095 200
4099 12699295 662
4100 12699957 680
4101 12700637 686
4102 12701323 669
4103 12701992 652
4104 12702644 676
4105 12703320 653
4106 12703973 663
4107 12704636 639
4108 12705275 667
4109 12705942 678
4110 12706620 687
4111 12707307 639
4112 12707946 674
4113 12708620 676
4114 12709296 641
4115 12709937 706
4116 12710643 672
4117 12711315 628
4118 12711943 653
4119 12712596 642
4120 12713238 640
4121 12713878 637
4122 12714515 615
4123 12715130 638
4124 12715768 632
4125 12716400 638
4126 12717038 641
4127 12717679 636
4128 12718315 647
4129 12718962 685
4130 12719647 649
4131 12720296 674
4132 12720970 629
4133 12721599 657
4134 12722256 643
4135 12722899 707
4136 12723606 685
4137 12724291 678
4138 12724969 684
4139 12725653 649
4140 12726302 651
4141 12726953 643
4142 12727596 666
4143 12728262 637
4144 12728899 651
4145 12729550 649
4146 12730199 677
4147 12730876 646
4148 12731522 669
4149 12732191 687
4150 12732878 684
4151 12733562 662
4152 12734224 654
4153 12734878 664
4154 12735542 649
4155 12736191 677
4156 12736868 651
4157 12737519 659
4158 12738178 644
4159 12738822 636
4160 12739458 631
4161 12740089 640
4162 12740729 624
4163 12741353 640
4164 12741993 657
4165 12742650 640
4166 12743290 636
4167 12743926 685
4168 12744611 668
4169 12745279 648
4170 12745927 684
4171 12746611 676
4172 12747287 650
4173 12747937 686
4174 12748623 653
4175 12749276 654
4176 12749930 681
4177 12750611 667
4178 12751278 648
4179 12751926 676
4180 12752602 673
4181 12753275 649
4182 12753924 712
4183 12754636 663
4184 12755299 675
4185 12755974 630
4186 12756604 635
4187 12757239 627
4188 12757866 687
4189 12758553 681
4190 12759234 656
4191 12759890 656
4192 12760546 666
4193 12761212 648
4195 12761860 654
4196 12762514 637
4197 12763151 643
4198 12763794 638
4199 12764432 630
4200 12765062 644
4201 12765706 633
4202 12766339 653
4203 12766992 618
4204 12767610 631
4205 12768241 646
4206 12768887 642
4207 12769529 687
4208 12770216 668
4209 12770884 672
4210 12771556 641
4211 12772197 655
4213 12772852 634
4214 12773486 648
4215 12774134 649
4216 12774783 627
4217 12775410 631
4218 12776041 687
4219 12776728 650
4220 12777378 681
4221 12778059 648
4222 12778707 663
4223 12779370 641
4224 12780011 621
4226 12780632 648
4227 12781280 687
4228 12781967 677
4229 12782644 649
4230 12783293 680
4231 12783973 649
4232 12784622 657
4234 12785279 677
4235 12785956 629
4236 12786585 637
4237 12787222 656
4238 12787878 659
4239 12788537 632
4240 12789169 630
4241 12789799 681
4242 12790480 658
4243 12791138 631
4244 12791769 629
4245 12792398 687
4246 12793085 621
4247 12793706 663
4248 12794369 700
4249 12795069 659
4250 12795728 627
4251 12796355 634
4252 12796989 629
4253 12797618 639
4254 12798257 617
4255 12798874 641
4256 12799515 624
4257 12800139 623
4258 12800762 650
4259 12801412 632
4260 12802044 676
4261 12802720 648
4262 12803368 686
4263 12804054 615
4264 12804669 658
4265 12805327 644
4266 12805971 3680
4267 12809651 1999
4268 12811650 3215
4269 12814865 2860
4270 12817725 7576
4271 12825301 409
4272 12825710 511
4273 12826221 11259
4274 12837480 4490
4275 12841970 3675
4276 12845645 9025
4277 12854670 3406
4278 12858076 2050
4279 12860126 2000
4280 12862126 7130
4281 12869256 6463
4282 12875719 3689
4283 12879408 2245
4284 12881653 14968
4285 12896621 6413
4286 12903034 1327
4287 12904361 1974
4288 12906335 2936
4289 12909271 2583
4290 12911854 2135
4291 12913989 1587
4292 12915576 739
4293 12916315 1389
4294 12917704 733
4295 12918437 385
4296 12918822 3986
4298 12922808 3061
4299 12925869 4163
4300 12930032 7606
4301 12937638 5436
4302 12943074 1354
4303 12944428 5325
4304 12949753 1171
4305 12950924 927
4306 12951851 1857
4307 12953708 2418
4308 12956126 5495
4310 12961621 8099
4311 12969720 2469
4312 12972189 914
4313 12973103 845
4314 12973948 1641
4315 12975589 2237
4316 12977826 7285
4317 12985111 1639
4318 12986750 4767
4319 12991517 2455
4320 12993972 3636
4321 12997608 2691
4322 13000299 6967
4323 13007266 2302
4324 13009568 3021
4325 13012589 4603
4326 13017192 2521
4327 13019713 2883
4328 13022596 1904
4329 13024500 1273
4330 13025773 4736
4331 13030509 1633
4332 13032142 1002
4333 13033144 1601
4334 13034745 1799
4335 13036544 4608
4336 13041152 1672
4337 13042824 2684
4338 13045508 9348
4339 13054856 1876
4340 13056732 2633
4341 13059365 9089
4342 13068454 3550
4343 13072004 6157
4344 13078161 3368
4345 13081529 2955
4346 13084484 7881
4347 13092365 1733
4348 13094098 2200
4349 13096298 1646
4350 13097944 962
4351 13098906 2387
4352 13101293 1678
4353 13102971 1780
4355 13104751 7386
4356 13112137 3142
4357 13115279 1674
4358 13116953 1410
4359 13118363 7687
4360 13126050 1991
4361 13128041 2113
4362 13130154 1783
4363 13131937 1685
4364 13133622 2076
4365 13135698 1156
